long:
  best_params:
    hold_days: 13
    max_daily_trades: 1
    signal_confidence_min: 35.49375760280728
    convexity_min: 1.7145017897238457
    news_weight: 0.5694114399233269
    report_weight: 0.2260870441170738
  best_metrics:
    annual_return: 0.15130930695434053
    max_drawdown: 0.6063603467969312
    positive_window_ratio: 0.8680709534368071
    trades: 562
    factor_alignment: -0.0006929491128629153
    score: -4.279691525647595
