ultra_short:
  best_params:
    hold_days: 1
    max_daily_trades: 7
    signal_confidence_min: 50.36074539132183
    convexity_min: 2.9171958398227646
    news_weight: 0.6973680290593639
    report_weight: 0.09417734788764953
  best_metrics:
    annual_return: -0.04247005440364415
    max_drawdown: 0.4246801848632986
    positive_window_ratio: 0.9693160813308688
    trades: 348
    factor_alignment: -0.008662076028917809
    score: -0.39253415578229084
swing:
  best_params:
    hold_days: 8
    max_daily_trades: 5
    signal_confidence_min: 70.11761016568165
    convexity_min: 3.6865543326646897
    news_weight: 0.12811363267554587
    report_weight: 0.45038593789556713
  best_metrics:
    annual_return: 0.0
    max_drawdown: 0.0
    positive_window_ratio: 1.0
    trades: 0
    factor_alignment: 0.0
    score: -0.44999999999999996
long:
  best_params:
    hold_days: 24
    max_daily_trades: 1
    signal_confidence_min: 85.58324463200385
    convexity_min: 4.002822336225861
    news_weight: 0.82276161327083
    report_weight: 0.44341419882733113
  best_metrics:
    annual_return: 0.0
    max_drawdown: 0.0
    positive_window_ratio: 1.0
    trades: 0
    factor_alignment: 0.0
    score: -0.44999999999999996
