win_rate: 0.4473519563431065
payoff: 1.5562630453935176
signal_confidence_min: 63.897001594882646
