win_rate: 0.44693901590879803
payoff: 1.5615686598160945
signal_confidence_min: 63.80108869008983
