win_rate: 0.44528872114488127
payoff: 1.428948155871248
signal_confidence_min: 54.95895463196548
convexity_min: 2.392740144520729
hold_days: 11.0
max_daily_trades: 2.0
