win_rate: 0.44573900742209893
payoff: 1.4432282211177596
signal_confidence_min: 55.61656413463933
convexity_min: 2.392740144520729
hold_days: 11.0
max_daily_trades: 2.0
