ultra_short:
  best_params:
    hold_days: 1
    max_daily_trades: 7
    signal_confidence_min: 50.36074539132183
    convexity_min: 2.9171958398227646
    news_weight: 0.6973680290593639
    report_weight: 0.09417734788764953
  best_metrics:
    annual_return: 0.007655449082462296
    max_drawdown: 0.3563515432118798
    positive_window_ratio: 0.9541759053954176
    trades: 1169
    factor_alignment: 0.005025526663921841
    score: -0.2173978565669182
swing:
  best_params:
    hold_days: 8
    max_daily_trades: 5
    signal_confidence_min: 70.11761016568165
    convexity_min: 3.6865543326646897
    news_weight: 0.12811363267554587
    report_weight: 0.45038593789556713
  best_metrics:
    annual_return: 0.0
    max_drawdown: 0.0
    positive_window_ratio: 1.0
    trades: 0
    factor_alignment: 0.0
    score: -1.2
