ultra_short:
  best_params:
    hold_days: 1
    max_daily_trades: 3
    signal_confidence_min: 52.474725185404026
    convexity_min: 2.402996715246715
    news_weight: 0.028689008371944547
    report_weight: 0.14792608457745593
  best_metrics:
    annual_return: -0.0059004724370140815
    max_drawdown: 0.12155984235197947
    positive_window_ratio: 0.9839679358717435
    trades: 65
    factor_alignment: 0.03174019386148559
    score: 0.5708081236978605
swing:
  best_params:
    hold_days: 7
    max_daily_trades: 5
    signal_confidence_min: 47.323879013088494
    convexity_min: 2.1114574785583153
    news_weight: 0.9483284532917751
    report_weight: 0.6218835927963828
  best_metrics:
    annual_return: 0.138350340969279
    max_drawdown: 0.4028894271376794
    positive_window_ratio: 0.93687374749499
    trades: 212
    factor_alignment: -0.016452090837447905
    score: -0.16461718893993044
long:
  best_params:
    hold_days: 32
    max_daily_trades: 1
    signal_confidence_min: 71.87587071950767
    convexity_min: 4.055960267047038
    news_weight: 0.2753088157611293
    report_weight: 0.13796807286695534
  best_metrics:
    annual_return: 0.0
    max_drawdown: 0.0
    positive_window_ratio: 1.0
    trades: 0
    factor_alignment: 0.0
    score: 0.20000000000000007
